4
100
-10.955312051807024 3.536404853784042
-4.845834147727096 -9.957270384360834
-3.6828835878901307 10.370686237163234
-3.372641413811022 -10.384737250256649
-7.943859355765302 8.725484231419289
-9.355968003977992 -8.295853917282876
5.468037414737012 4.41203250174663
4.090699116634322 2.865951112720098
4.882572709598202 4.394782160272955
-5.386681566608507 9.953531174062501
-3.870154434365707 9.291592602472987
-6.310977354640946 -3.6122527075698763
-5.574773277109026 -6.137647910192982
1.8740414012130309 -1.017346876260945
-0.663031173064224 9.442706831173247
-11.515559001788791 8.529703953606667
-8.146600758310964 9.391481038088763
4.4598535322772666 4.482001928670792
-11.047971347138843 7.707835680362523
-7.655233695202148 7.141450633856521
-3.667741855083906 7.8499617442726795
-9.031082030171271 8.176402852540313
-9.954615136803563 9.464519901307384
5.543367849999136 5.818261100105655
4.550313738453222 5.884778823475747
-3.660794550452219 11.65709169374561
1.1014519811020658 0.9215563770273345
-7.274159387223495 5.180629024457996
-11.275031932204314 9.291234424854833
-9.972003968346474 -10.181251125986638
-8.579688995097497 -6.299475350373438
5.380179528889542 2.625807864390455
-7.360529603104077 -6.126241237441915
-5.941838809117501 5.271817119619427
1.4388344157157285 10.932872951080594
-4.010794347849762 8.28505175371513
-2.3403771113329404 5.45241566266468
-1.6989876995657627 8.05158042715753
6.928384130483287 2.795047458089943
4.869280777566857 -2.9957526025614998
-12.282501176528738 4.978960315710896
3.4419432416148767 1.5090222422811892
-6.966406615414378 -9.801804687324777
-5.829662745298826 9.50643921787113
-2.7983183290233513 8.261526889225099
-9.535386475466533 -5.696128516687993
-10.898335277554338 -6.418524946945186
-8.405375442008054 8.286816364820796
-8.805823026941242 10.957358108391995
2.6186448289951323 0.7187770749793907
-1.9094839239962598 4.027925944878792
4.652662477834253 1.3867018505028648
6.671193392213596 5.363769755367789
-6.229920205530211 -4.925552413832671
-6.7831773566497855 12.065505372133572
-9.396984719950638 9.108524150728933
-5.041275423888809 9.799904459686505
-1.904291944137665 4.231085516553827
8.334613948081891 0.6774941382566135
-6.821492204335332 7.60856730509589
-6.1469460079045675 -8.665988138341866
2.8847461015347204 1.1540143174463116
-9.451798046643187 5.439182504604979
-11.676555229398874 -6.946394281898989
-9.4999698397309 14.123945831972751
-8.303093396310501 4.209175968718733
-6.729051666298704 -0.7220043120627313
-11.062113830699818 5.283997203085107
3.3154783268105046 3.2563382667241223
-6.23575121434436 -7.066224382691365
3.7830925449111774 -0.032523489113315485
-6.253395065286579 -6.013989069533507
-11.816586499642632 8.964906937083278
-1.6501518991315967 4.606685739791486
-6.630498778432167 -8.138798728566444
-6.429887433525206 8.355475232839948
-4.902047323543653 -9.153578230262795
-8.69280596052101 4.466097170922145
-2.1641624381249445 -6.4436650611963495
-10.756285768816602 -6.708702156260879
5.5439688988471865 0.36037029742792126
-8.837760421991863 -7.685263383790136
-0.4528353427947778 5.9621770032707655
-4.173891478774119 8.508105217778173
-2.542940684897585 6.37000880580857
-1.9870386355408618 4.1151108184988825
1.1549242992511348 8.449845376981983
-9.178187776735777 -3.005273580732098
-6.205502598971319 7.21467560721155
3.6596084533977074 -1.6856176863895644
4.857496506823529 1.2256513077760633
-4.022570154863718 -5.000277011559011
-4.779257811855778 5.483526874860093
-5.412484456650594 -1.4039705287510005
-4.013464153626242 13.644981589470666
-4.201502623817647 10.543476850300491
0.06830118318712719 11.342486425988819
4.2366645570630785 2.983296825977078
-6.130699648697818 9.95802804558596
2.541835028171505 1.2001387443126954
