3
100
-7.303024050185472 -7.637533205618879
6.673671879652275 -1.103991107144156
-2.978672008987702 9.556846171784287
8.146864613568349 -1.53145797303997
-6.700733510977129 -6.5997173300918295
2.1635380234013804 0.5574253599338022
-2.1779341916491863 9.98983125532068
4.090699116634322 2.865951112720098
4.882572709598202 4.394782160272955
-3.6601912004750528 9.389984146543993
-3.053580347577933 9.125208717908187
-6.765897223849206 -6.226538216134733
-6.618656408342821 -6.731617256659353
-3.6155325970587784 7.818079504117651
-1.7707310430573397 9.185654409388292
-7.415073440181827 -6.638873385654354
-6.74128179148626 -6.466517968757935
-2.581207744633084 10.017819026090345
-7.3215559092518365 -6.803247040303183
-6.643008378864498 -6.916524049604383
-2.9726153158652124 8.548556374628065
-6.918178045858322 -6.709533605867625
-7.102884667184781 -6.451910196114211
-2.147802017544336 10.55232269466429
-2.5450236621627016 10.578929784012328
-2.9698363940125376 10.071408354417237
1.1014519811020658 0.9215563770273345
-6.566793517268767 -7.308688371484088
-7.366968026264931 -6.486567291404721
-7.498102546590311 -7.540337899818085
-7.219639551940515 -6.763982744695445
5.380179528889542 2.625807864390455
4.158976424275295 2.7270380397747633
-6.300329401647568 -7.290450752451802
-0.9299848075453587 9.78172085735123
-3.109836312971555 8.722592378405045
-2.4416694183648264 7.589537941984865
-2.185113653657955 8.629203847782005
6.928384130483287 2.795047458089943
4.869280777566857 -2.9957526025614998
-7.568461875129816 -7.349022113233508
-2.9883718608980403 8.828627151534505
4.553099411964993 -0.9485254101080982
-3.837383671951181 9.211147364067445
-2.6248459054409907 8.713182432609033
1.9841195519128392 3.157150760528686
-7.683368808431884 -6.787792664009794
-6.793036728225679 -6.687450903411528
-6.873126245212316 -6.153342554697288
2.6186448289951323 0.7187770749793907
-1.9094839239962598 4.027925944878792
4.652662477834253 1.3867018505028648
-1.6966718006585522 10.370526156769145
-6.749685794027059 -6.489198157387292
-6.4685971111540255 -5.931713101948973
-6.991358583814195 -6.523109346229901
-3.5220287433871738 9.328533460793595
-2.267235351486716 7.101005883540523
8.334613948081891 0.6774941382566135
-4.234115455565783 8.45199859895735
-6.73309095450193 -7.237285302289131
2.8847461015347204 1.1540143174463116
-7.002321249152705 -7.256977675454691
-0.15704920201950223 1.9068849953176898
-7.011955607770248 -5.520025009981137
-6.772580319086168 -7.502978982631941
4.790454361080667 8.131274965153947
-7.3243844059640315 -7.288014735758666
3.3154783268105046 3.2563382667241223
5.283754813035012 1.787054894525314
3.7830925449111774 -0.032523489113315485
-6.754380765978332 -6.706885488527459
-7.475278939752594 -6.5518327889590315
-2.1655793334842888 7.251245972835587
4.8890072489472045 0.7144805486502339
-6.397939126529109 -6.673719129807697
6.617458703835719 -0.30029895304611554
-6.85052283192827 -7.451594742191258
9.355343589254428 2.4096142160203295
0.7632202585627699 2.1445771209558004
-2.147561598005116 8.369166373593197
2.6817456053875084 1.168015893426543
-1.686652710949561 7.793442478227299
-5.946739935578892 -6.643193132820053
-2.5226948477906843 7.956575199242421
-2.300334028047995 7.054616004318546
-1.0435488541311961 8.788509827711787
2.3413182506435937 5.848005696484581
-3.9877196134201776 8.294441919803614
3.6596084533977074 -1.6856176863895644
4.857496506823529 1.2256513077760633
7.496935872515653 3.8530022656576675
-3.417221698573961 7.60198242686303
6.107021570728778 7.449308748465678
-3.110904235282147 10.86656431270726
-3.186119623358709 9.62596241703919
-1.4781981005567992 9.94556624731452
4.2366645570630785 2.983296825977078
-6.338101569563632 -6.353208567258495
-3.348415146275389 8.705073752347108
