3
100
54.07640362515173 73.65595706345172
51.26807286036444 32.00506548713018
44.08913115086535 93.94599926919037
67.74595044604469 6.840304242511685
30.885625314959807 14.225080723291805
17.832352911276505 96.21227715856061
13.046497928929234 25.986872745888345
78.5500703355749 78.7499169416289
76.28720654659931 5.010329213421761
80.30539714606758 81.08142662752259
66.49170580238723 93.76556329911233
39.53356934443103 25.66726496158802
53.480117247774686 22.186196372606304
79.81566268261507 22.821500299156018
84.04019418098537 18.465884165198464
94.87118511779254 94.13542154540467
53.28362122252954 8.95298903181877
98.6483109261173 55.31536082391696
14.569509118656686 59.175240007600415
98.78258505454947 47.29917839195532
56.36537501289804 84.7430554610307
28.424797009398482 55.72889240541473
0.19998713119567801 78.53629495056452
71.88235411840516 43.371198515580765
11.686149514351929 44.62987964102885
79.11205563218553 21.80888897434522
12.05985284477653 43.70058323990692
24.296589820141044 39.279377792885064
68.32040983702606 47.05095520232544
26.230256012238563 33.08023420821695
7.147718867936625 3.064489396693648
80.48100139993439 62.30972745728138
10.82001545265462 99.93427543121017
13.781502483055164 91.25895000133868
17.38829469271638 27.51121793513175
39.40570255699224 46.336095020864896
97.40397737772784 45.69367022303928
38.56905281899411 86.32619737058766
69.48714364065654 77.88940428430018
64.69507733134374 65.42440026152485
94.23190709436523 7.086271976615488
26.923603164184208 83.42114931227648
56.40234146774049 34.15696053567325
76.87789881510385 74.05092870413796
8.48238440443475 34.8948176937704
53.679109988218734 33.480536856967404
90.83719759613065 95.19571739869093
66.89298660149558 76.62688461239235
68.93438468752277 68.93926543560423
25.973083283963483 33.65674550360565
74.72421186030567 42.955615811213534
39.968714648950524 37.46709665214071
96.24298674046625 29.40464680903354
70.52316067113088 0.9864064999478783
40.26065230111694 95.72069511361032
47.172362471596806 17.575288868151105
16.681365274071723 34.37352738258047
16.477336246497863 7.698878670209441
0.40058385017099907 16.216856546031245
96.54294600319548 1.569486601356096
51.56393298807836 7.753021190611475
5.756836895137996 90.34042489918392
13.876475817933509 79.81297296328384
71.57790078859854 27.33627684347918
48.38135981776506 72.68215977212468
74.51280832228626 16.99359356941139
19.940449780502355 67.39284566183596
28.235390544441195 76.2246904765635
68.33842593873186 35.706445377232484
6.845827266329197 75.70158892879732
22.998489520545096 90.91499182745032
39.12233307228298 2.5607009885524223
83.64638999142116 57.75152902016353
10.708127685806257 30.184456234319214
39.39403398766215 0.3843625432344844
97.56945420716995 55.36872857939116
96.06734889091635 5.198787771282587
50.44091011603569 93.97450052926455
41.82591415085286 40.921708096102705
12.995302868271619 63.35249461777875
38.44686900393883 6.088833606072597
5.304804442180611 39.206958489839614
32.54965749497608 50.7046684552307
7.5431634489741555 40.279524883974815
80.83220528808376 61.929284996930214
44.02390148952987 78.78466326039961
48.28058921883004 86.5259554735764
72.1711351562127 20.074123689118405
4.205680389257694 41.51567063141719
45.02660195703676 90.81324819296243
57.020970668368065 70.2317276404004
65.6403847400581 68.64454266727105
64.54148183441389 6.295342886974275
2.73554826080854 62.21231000547588
91.6722716667509 16.908068537969335
7.4132513271836125 53.1600002276348
78.11287987973911 88.3413685686955
65.4811384942663 43.84766537972668
99.89459300762542 83.78023692371237
43.87982066586065 63.96714715990056
