2
100
0.20200087468030353 1.0282496055381212
-0.45997856664717557 1.0084046672346951
0.8720936178096492 0.47087646029895724
-0.6086765397516953 0.8725347855489985
0.16326579255759865 1.0389680778953976
-0.6069704259042352 0.7425489853612156
-0.7114944363340683 0.7767393398464543
0.07466146359213195 0.39716074072394036
1.78564447377315 -0.0031987588948380608
0.3646196221861453 -0.2696135671295627
0.9559537797806515 0.27702720289719485
1.0536413968004676 -0.4183762648638702
0.022938172662133504 0.4109440183696283
0.3161607639098064 -0.27511549086027093
1.992825321941635 0.26036668221711384
1.9591378594347315 0.013163628153651394
0.2974255086046246 0.9707773406877347
0.8704557362410746 -0.5958449784746833
1.9351510603527446 0.16326193106901227
0.05555539644474754 0.3351823412195278
0.9301111339620955 0.3930575198605896
-1.0593564747812982 0.1515398801025234
0.7854374327687149 -0.5233374546746309
0.09984583381297228 0.9246267701908536
-0.96821523085522 0.2511017519819638
-0.9832285508297833 0.1643622789857158
-1.0193528712107243 0.3851151259768808
-0.39981076826037903 0.9892192431242187
0.661257384757043 0.7890987530136104
1.1184502020203493 -0.46864922929457914
0.09772026901163537 -0.1633528199482081
0.2957427358268965 0.8579389437311888
-0.9111183745931569 0.21042447607909912
-0.9837622676986074 0.39745509965500153
0.5155518906631494 0.8047169749113013
0.13986583265075705 6.146907987094122e-05
1.0375718199070427 -0.015834473149146364
1.7233086125046237 -0.23948337195161232
1.6087687935269597 -0.31191354035435775
1.968201214868874 0.3867423802039086
-0.12861196926882432 0.9970795004028289
1.0364679420211083 0.24192549747373218
0.3767254204556483 -0.3061467848405062
0.8025690971573103 0.6591305349611712
-0.25554281740057844 0.9977727991382436
1.3662611344303006 -0.4111066549332343
0.029984631443481687 0.9750556351072746
1.3555715233867491 -0.470345900494553
0.2414302272586174 -0.20182275066697897
0.1884200674566887 -0.04452667856689192
0.8337726577453096 -0.4957062600464733
0.6813846233541843 -0.4513966303135946
0.0022242719527682114 0.05413351969615102
0.03026744512225071 0.41948358272340297
0.98297193147696 0.10159104339772099
0.8580383182621237 0.46758022321374487
-0.08598333892619214 0.2923552352121017
-0.6410448427771057 0.7615764714423578
0.6226954484889626 -0.3941816263452539
1.0304213974131613 -0.05059942901258877
1.9337606335861541 0.19735832636932132
-0.42150528533691567 0.9792011407706754
-0.8557107156871778 0.5036218807878852
-0.8894660128394575 0.269849102255422
-0.8119467627095069 0.6374899313485279
1.976714907837605 0.39353720351261406
-0.02299143960220193 0.17530964898054333
0.6087367818563967 -0.4645973916932287
0.9753966476033341 -0.4620053264778433
0.5647133626473011 0.8144757322221454
1.387136257203225 -0.44182614156050953
1.0401452589915892 -0.4919113025558478
-0.8447088453341883 0.5071075494875407
1.6932144993873557 -0.28821039250514
0.10124879783851913 0.9986938246814802
0.10649688551661217 0.09426809790969658
0.2639215928742056 0.8906751016266587
1.5446922666352534 -0.2955011191206365
0.7149653495403505 0.6108385049154822
-0.08729588475733865 1.0255182608358187
-0.37774719533523793 0.8890135946658729
-0.8122967336320219 0.6428719386995859
1.9109100211816359 -0.01438556271539193
1.5829788616136693 -0.3196865831585179
0.8197544885764109 0.46351409645394975
0.9590388934194887 0.24222693075019464
-1.0284703150657 0.018853015673007397
0.6067247526641207 -0.4067766793587251
-0.7293340501297438 0.5871373717585281
1.7930068455377104 -0.13563498145674957
1.9295854394337995 0.22189636240227004
1.423579467871547 -0.4119865556342499
0.44221845993337106 -0.35068137580210546
1.2980367345111556 -0.41339875118739583
1.9402643181957615 0.4778242821014049
0.7360838707616297 0.658813574638637
0.4761837589876026 0.8178863997567
0.47079396785243266 -0.3193657780354927
0.5049906418242124 0.8216395835277118
1.8395123281594443 -0.08427029936569307
