5
1000
82.26725150244715 0.5439651856051109
89.2823552856321 20.953623499242337
45.192088311058555 10.483476597749986
23.70622997861309 8.128473675729154
5.93180012591511 43.81063334399027
95.46060910367788 83.21062268183374
37.39881765686269 3.606614532633179
79.42582131151542 72.24532996765586
2.994807432560964 43.41953899979022
44.53171514741455 97.57475288321208
91.31557326620072 5.480520183969628
81.38509534993744 11.081852020226979
42.3961048042259 88.4163231214729
12.614951256934182 66.05007969124954
71.21289340150325 53.38606547928565
12.28286113254995 90.462705966719
5.6905786756129455 55.34760337272863
13.288226619726085 24.136143552965173
6.133024450751612 80.3667047423242
26.47627499242393 84.82702354715146
24.02822145218839 84.06578228907475
26.265983329939647 27.942594521085617
99.31414249813999 96.00082931951773
63.91468336062112 45.812191728458885
99.49453284463897 9.27723848179104
10.596406409391346 76.94188880921081
41.90223120647706 35.139186255703095
14.912226981570598 57.81490789921412
43.92942665315497 23.210585741823575
7.121923627423166 76.12229779828345
57.37983748560909 97.8125418724851
27.724299776443605 90.82808078158853
50.013254792011374 14.242830803307294
81.84306608741626 39.46201633364114
69.40117057286976 29.633984086234545
74.94922059496193 35.67388968688615
87.23088092889726 85.75703652573146
30.12019446362102 92.580343477536
84.04900299967545 26.420553243900024
83.61961286174403 29.28453294765847
66.62274439556325 14.213807008916623
57.56443105914835 80.48766345121187
42.736985406751984 24.408617222404793
40.63167223402463 67.84406552951422
20.422141911466607 31.704647355798333
30.869616442791404 24.032133633868792
14.638113169003908 94.72448109195906
32.99620679021862 39.917192841213264
96.15714677199375 22.86418835322108
16.767606051722005 70.8390408953094
27.70082489966854 41.99210103420218
43.50564060954264 57.4399255234712
33.68027218590891 35.0039571121078
64.18551453553933 73.46349905886252
19.695819699801753 96.75050889236103
53.81262958566112 54.581556181069615
83.5011172894523 95.78249729151217
79.28707210396617 27.480941100715985
86.94134207737058 14.079313917757153
24.518744724948093 33.58009097592976
12.332537118036036 84.3755187272617
8.309298310480528 43.13550857291669
22.655180503941118 46.628779087618135
29.881698545600276 1.2256303864103257
65.96286282738994 47.08958240215818
44.96590254471135 66.0234789136574
41.1342454145811 85.71962344791805
34.98047048223138 8.288120390718035
0.7423598719958902 17.246219937269824
91.53271715840987 4.9007631023127445
63.12986395054795 29.692792812775515
57.825806514232916 5.783172586044117
86.48528151348646 87.53317767714431
45.22918945974384 94.38510156317244
68.86231801308043 74.45169777326234
64.23348117107939 10.126118382842597
51.8521426682673 9.748936339981052
37.456229410973144 69.42240388443469
85.03360032794043 92.76698417871071
17.880901878812537 84.28306425986344
42.79956698921366 24.880788050041513
53.721229266429425 75.51719155937388
98.45348523528592 25.306827894925597
60.994947689863146 89.21218359327331
8.740496536856945 64.54983914808957
48.50231289353483 12.749669366863747
65.4305493474341 92.50969356735853
17.329414281791276 87.62522860138827
72.81365490097642 22.92158826205084
86.30396430586423 8.913710624911397
20.206335567463118 38.74063647476377
15.152670981469019 21.69503992099119
37.313545118193936 81.5631050030152
18.525030717780368 42.91152061621438
31.67358479793484 74.34758769447475
94.51158134727248 83.94900311917793
41.39010473334801 47.72375549586829
10.80587467031443 12.772485438991431
51.22673262920806 63.20325237973563
26.01668315803757 13.06335457251102
81.60245321862392 34.285434587724836
31.82524274666352 31.62662007950091
92.75189334802374 13.517375209248428
77.94180255599079 17.36254016816199
83.72873883523219 16.100354241992598
42.81409133932008 23.13304844708609
90.72726058873293 88.88256849156846
56.328072597726035 43.729885723747095
58.557024831609375 59.63119639452395
29.6224963698537 66.27699579363829
3.463616860323515 30.17105620148045
57.983108151721765 38.37212394590125
69.87325171431507 51.14477920226205
74.37018088191408 79.03491582546785
7.536383460573582 84.97332586346592
34.39572136753457 60.987647245773424
22.535887586582405 13.62592755956804
47.92746562282033 54.84828441316587
30.86720138361577 20.829726475110434
86.05354228896613 74.00526492199816
37.103453650634634 80.18405889114702
84.77029515415161 51.57274935254249
73.06613065433957 66.76412002197614
43.41225564742729 44.15658424695761
19.752373267877744 23.5233116740326
21.669790283895885 39.00348493126721
72.65759846112684 35.36197818854322
38.19106034264984 23.86384034858191
74.3612130002612 49.78206481676618
81.18566286102191 69.29336833117917
59.402591866074275 0.47144601913831075
83.36792114371933 69.57012659630453
57.206183038034496 56.749405279918896
29.34573180471848 48.60144689660713
42.1292668980661 2.3028229704214365
37.98484619788176 26.160838388418973
71.9364443178389 7.982417595269653
93.38022895726426 34.561701438864525
74.68040774808415 93.46851387599408
43.181860938630734 63.363450644151065
43.94117682534178 83.51800157985781
14.7977543724096 14.496424257629027
80.55364401885605 23.414178357417025
29.907409816159923 10.631548705304471
9.341931952308924 76.7509417951522
22.783221403307873 92.62957165064017
98.85230689962827 58.97131094210194
98.50541687185634 83.28956144563678
75.0069531609894 41.03722268906444
57.495258252692224 72.98120952639408
71.11849112545468 83.11962677498983
11.031588661512725 18.587629980917107
92.69699464231756 42.355100231021666
48.23083553172031 77.61977651769107
3.388439693555989 48.98181231266751
38.49955517337184 90.4423740161741
23.698659136651468 66.98648333205932
37.42739093643051 75.47914853596062
90.84050503472186 39.06817864811969
19.228689503610276 97.72281701604129
43.85902977629137 91.4796335616905
84.00515037492589 48.25332293777398
11.016709318701523 27.32464280369212
14.685569928727048 87.81748633113835
62.47577984100179 96.49998885670587
23.31226753560678 52.215913904362424
96.4670000780843 40.19555848375277
13.034716439131621 20.46301751860454
48.15993489593884 48.21091597612958
21.197388863875734 18.958053227962413
29.552780691840972 2.449132298107859
63.446936650724425 23.383767635384267
47.357783181770216 53.72224278081927
70.92641950294286 13.447337563349738
84.15539450799947 54.155822850518554
93.47447322063694 90.49016345300969
36.11849357297734 94.82289177064796
94.7528668627299 62.06811060776825
74.76897706576942 84.16994120485978
33.04475845732805 65.62940259063106
9.45623598345201 48.664213903583786
26.81173779673045 91.40372608897556
36.54894204827838 23.707435336801375
66.85728786049158 11.707899281359047
84.23714655236832 19.622592190034872
98.88018994616054 87.17970775033176
94.27080020162101 94.11628621943865
60.48059861392462 42.50317148090477
28.305956971589453 67.61725690281993
90.1738539957964 7.873959499084071
75.86341274712194 93.41160186823096
1.5858649262992852 86.73467025813008
33.63651067389329 57.405394834595704
4.93270653868586 80.35929354255377
65.9105901290382 15.024168742730327
83.2818441133205 69.33294873932813
95.90038439294759 3.3921470895078243
27.159134523250074 12.01972522406164
1.5839904277632377 10.228754034028242
60.991144520023276 82.33853555055613
5.533626472152342 16.452017607419357
52.88215941076015 47.75359937722722
43.645066553142954 3.496618660896378
93.01846572847701 23.469598394797387
40.74493852408211 18.57550019824885
99.83211132069071 27.333261844602397
89.82996255858386 29.558698149626895
17.521928565331844 40.821236215987646
45.27218758545498 39.70988427426016
13.926629448558469 25.572484316993595
49.53093132565822 89.2178954141125
47.498927733505305 47.743528555498585
48.1488618738356 65.4681198263885
96.08716039116513 64.30457535208004
95.39409267384882 16.00458290726099
1.003102608100559 97.7511893216978
41.73331030901668 46.886036631460605
28.76483386985822 1.5160259328588888
78.4912653050753 60.188139953349584
30.1624771009543 25.90343247233782
2.5910420737711104 78.18121425311156
50.93096822806821 74.82869458246493
6.95498691398676 41.72065062768614
57.030915052670615 69.44950619459122
66.4640641430575 78.64486282951273
30.10492121536108 77.54528539757345
34.72998091663082 28.001660613764944
17.728199208112827 15.993422960681148
22.36923762455042 26.083875407494006
0.6320258880865293 33.76594916894532
84.20300152035854 82.85799491194369
4.486563554365697 62.577644497759735
69.90212480236654 33.49491719285867
76.56604092240514 80.61126732666081
40.69464476312986 1.7590141007700066
91.40949166751706 71.37408291007081
16.145430939444704 54.35509031636151
6.471739975868907 62.82650589371022
63.12239077889507 83.90613119885428
12.196123135715176 39.014903128820386
79.2255236090724 18.59468793632648
71.34060499784779 22.79573341105462
15.5492989383606 44.05358938369267
77.56197797482817 19.395044825276063
2.454135602894958 32.805396423396985
81.65167773531712 68.19879046923576
13.254223796128418 67.31923811002729
19.5477191275363 71.48021535698342
86.8750474799738 72.60573663274819
15.121826954242291 5.170671757468515
97.05286451346298 36.01599802094261
14.397396317924393 0.790118649460736
92.84029275481346 28.587502657050123
36.202644138406946 1.69856307449473
23.513354000356557 52.65507138151078
59.28126255408195 93.91621839474841
35.28916177849566 47.50383993681972
99.6843610244417 93.84291361821853
4.714649603453225 38.42137367259231
95.60079650412334 15.187142715597734
97.8423057123041 49.388604541588975
69.5086115957933 47.961005278175286
97.31259045340892 20.758223458566228
29.479224101022805 53.90063125078392
38.54259949740209 48.998224008062486
19.00789313078921 10.091424846064944
91.14432539374116 40.51610738619821
26.38334539648286 56.69485318145624
88.76306100104252 44.40942255862722
4.579337090239233 14.637779152570285
18.881015649950317 20.25449344902587
1.8406818098399835 78.1408134787753
0.981859216225589 60.41447875762424
36.45693682972772 88.11195007079756
20.714893198311156 81.6850622685558
64.18667889640538 49.67950316932895
47.39242599756637 53.16093369353965
74.39064636169262 49.567912997050186
84.78397115977884 89.1411488283366
88.14475259399289 29.292218049245854
56.60865056907862 35.65442382380062
22.102119588520008 75.5992773442952
13.046402480049979 35.57049650509991
23.483773197211978 23.245058497988747
9.754348446896778 29.731536039314822
8.027578364743349 91.42049875754908
82.65246503286562 3.5922828738873203
33.61141568433056 74.44375241602555
84.35069088525039 12.779082113115292
23.40473120403377 58.380768321402954
36.94895211235516 88.63222797725832
86.16914041036262 28.844144025731445
94.62211333177557 60.26907614636519
35.8317505910842 76.67192196611117
3.354140368054215 82.03959962141244
42.88800353361499 32.715123983526674
12.10038392522489 60.3499601254586
33.83865243991473 39.447203636830494
95.59642992867788 39.47751389051765
96.69794348176352 50.91899786236325
86.46681059270644 28.832797413803902
68.9519346542323 59.55653154799416
73.79601927754945 52.85462914525152
66.80307120347786 56.311633654237156
34.07886413602992 39.52431625576758
91.56475136161546 51.825237769464536
24.01384311989486 41.524350305139365
13.733852961830396 78.29692166722681
79.91373781811099 75.44620889839099
88.98742327083086 57.260745335074404
52.238306202591424 41.03512211340221
70.12823566455289 87.99784798476458
82.17115675449526 75.1100689006157
28.188324234028407 4.730406964848822
65.53689578498255 26.948755445836813
55.65561202555421 76.3379767464668
79.98439239726693 65.15249782752495
7.885264188622665 76.95213973279354
65.13282411506735 36.16935177106999
70.48258971996727 91.27924535442898
6.957808897227203 24.076663578737868
31.56000935939852 84.27597360906559
65.09452813796517 23.968680457807288
55.32970600769105 43.91921349480804
28.63314325282036 48.253096493111826
56.06800873151477 82.00132921560362
8.922203266908912 18.130312380684032
0.6498751688041149 5.6664041069687805
55.51496854728912 3.3673632879658077
47.67185801520802 93.49209358502131
66.52461482476282 93.28112308723475
47.098620312608354 7.84131341906531
21.311722123995114 6.253294870750182
55.56889777225552 96.23222581864982
76.09450325907436 41.96349181126475
74.98889885157621 22.329640969592813
4.462417680895248 84.49038948787705
96.25740332871428 17.66551235289342
26.58673630891375 51.842544460699
50.44554023027005 80.07532295772411
67.30195801757431 58.52619456975046
12.900270649786805 63.566373539086264
30.43251138601906 93.11949779157962
3.158991757730667 87.14827571874916
84.66652210899225 59.7158307840729
88.13681972897012 50.1963466489015
39.93129704190089 93.22387469349493
90.44516603577577 94.18327100342336
30.61200090477646 61.83185876405683
11.459122959914914 67.32132214645144
47.23161562304051 85.22229893788297
25.518655552295 27.206787238275588
33.834905490072664 67.17249902386325
22.097903738156997 96.42827667457249
32.07306974118321 52.575769935208506
47.90300455899651 81.16330239168106
99.40473272623288 23.95026074726978
52.576054145569685 92.20310660527684
45.60573501777662 34.281309631623955
83.08796928032822 94.02132516867991
14.530103439294372 19.6185193199493
67.81324724074025 37.466546012822256
63.27362838148755 5.795315907470888
94.09941694338791 25.89352970450519
57.7232685927771 51.488349999728165
27.438100668066113 5.894906139731814
50.31202068890085 15.320204286965621
19.22045243058321 69.58697977347155
7.204026687472909 79.87400114460618
78.93374471338238 10.733404483536368
66.38136764334156 28.569313716026212
70.59897023588036 13.037924184824302
37.68889962096882 81.63394536102415
39.05870171982203 99.0866242358243
21.192134963041564 70.24027461611854
62.02901650590292 6.632127738633731
40.55424875123362 87.68783401893512
22.676304298604055 54.21272114461539
71.71611306635445 96.15863034364514
85.14223033080576 58.214424299756296
76.87883256028705 65.92838985052215
72.88653728359698 45.62304617107542
70.84822553663186 8.402895850783743
82.20847719934498 18.23221579612191
13.823013944163176 64.16797859587527
75.60999778941112 81.77866329925433
82.96374780632635 78.86930408155081
55.08886707198182 63.09084956757211
32.553376047745 87.87722153959598
40.09225960693601 11.173997087912435
42.2062989639288 64.83479098463751
1.5448514487906406 98.85950073503874
46.31283412517014 54.52302836739252
52.014082182455454 24.123744831468397
40.46886692008796 63.00436940072457
19.612311008438578 79.8099463816603
27.788498968270257 56.56961633892671
94.24282535064111 2.1864765682424903
55.24512890201687 56.05524758258705
89.12372209143238 40.09650476134104
68.66259450198554 61.02014504841091
40.860695154314364 30.36684861565664
41.48404096591483 82.76805943581465
3.548140045088599 54.19851387941148
81.69268539721703 95.14195328965673
31.38858239926886 44.7731232938084
42.847545826113056 48.694526362108334
89.95062589250402 98.69924879573595
39.986142846239446 70.69589220144556
58.92934177237223 35.78970938094237
14.39778415087839 44.63985922464209
69.68520217380407 6.817401341729612
24.356736606281892 74.45460123116369
61.0922842122979 72.09256074376601
85.37611174141502 83.51158424029622
56.71541230674525 31.872290294055794
68.40934727030346 18.289185040251297
33.776120338023716 26.669919369907426
7.26303712753984 28.125448033409327
88.65445580712169 94.69258107453916
50.38943002098322 52.503831946543436
0.43038384344942227 25.398433760926732
89.22935245483765 12.711787139098362
93.44908171683086 14.999017338909738
86.05570207030692 94.02223220348425
28.097492934265755 40.083113723640075
59.699171718514364 6.541789859178515
64.32307071423149 57.318592326872796
61.13047454685309 38.07365126937311
59.05131481401698 7.2073665113298375
60.27133203820922 41.30622672260203
85.52745274409449 38.22945093012757
85.83582395122319 1.9544004976508211
43.99355755873202 41.76859049379619
75.54128024116625 14.790807706026532
46.84477756584421 47.65741524789853
5.375715607695264 49.589013136440364
3.6142770388965406 10.729188609188789
33.4823861503809 91.29109471640706
21.13423703394436 50.63694357783876
8.412827363742249 52.070216140023376
69.15892285407293 51.957390587214604
26.531558137139445 78.2433800757194
16.211364113500426 19.04190198017728
15.573534504065778 6.231020793715459
17.166849262796536 31.44110785227303
14.760492489629529 60.002977691383904
23.001207390932198 38.072799080380214
2.5676509429565786 87.77892064636063
19.081724701800752 86.18045961263161
72.4998256469017 30.875153697316946
42.23922745014747 92.87349817040086
10.209590598752428 24.867161563435058
78.76700942972352 97.38342060556813
53.247554593043965 15.530823553251427
46.674646549348644 55.29402824984785
19.126830328108156 39.54820952949207
18.378345972507947 57.51647306600395
22.703527980226458 30.19454192024532
18.82311811533586 4.464584657816728
98.38513554273118 66.53893549958931
90.99631984876483 29.596206956234106
34.22517395492004 15.65765731336205
28.964579291168533 99.73164718859809
49.58803678738475 13.736047055716327
41.160708951579885 3.232886445680927
86.38614271829032 99.21977105075887
48.77483818622126 33.692105793659145
23.85280640596834 19.184819699588452
98.25078755279611 83.76487151359845
34.159420234987806 91.77837284449485
45.410486879371156 27.271086730389072
61.870779350442085 6.385523234092371
32.249761146156544 66.96685214522272
83.83067836604056 64.44067871170752
16.059281917068436 5.282887777871403
21.67445783261567 2.5680196208473616
54.22727008199348 70.3922100781851
71.38298932543186 28.269330354004406
15.329238199079697 39.627141992417705
70.76529025318138 87.19423080175075
92.88908099480638 18.170986383977894
86.7179496362153 17.047225734457385
22.187858798289874 28.45014187704119
69.55848244157906 90.81327407615487
81.49277668442231 88.89754132989994
68.87278721618665 44.72980149924194
90.5500397937811 69.69624818599611
61.899475920350156 40.86715579050215
58.34917074742951 37.84797706397593
60.50824958023657 61.83673775864336
88.33159101459799 96.89038690607494
60.4727155188073 88.43577970412714
76.39945823152419 83.64704655024278
54.712662828881044 6.154243589136533
54.52431719425527 1.2673044630029051
68.82343760927623 30.255950003660704
63.551083115970656 92.83620549014475
19.230839319714722 30.05872578089176
87.56719811038185 50.7342452926684
18.237867552366716 67.31155444930296
99.74122272144909 70.99407723644816
40.19592010366816 19.33640728626441
64.41737757803288 97.26980321690986
86.67101572584528 9.825938293643999
41.39660506499398 43.17561504661425
50.17986416403319 48.36883165331738
46.45421736869959 82.08522585149667
68.9107741223306 66.90443318207828
27.068365296739096 38.64434431018402
58.13538846040615 25.840834903526165
86.532344106383 9.63017778323998
46.55322304924804 39.13094589881565
19.127707015989703 20.816893482970357
63.193939447561796 79.94519879639324
77.27788859007724 46.61533717248092
26.107615143135032 0.4316688934189239
17.025720321001103 49.61336775162925
73.24388846026744 3.887300675099281
37.718193519478845 98.49560973546299
44.35370997961137 92.05696905256607
58.37755953413557 11.315054524729462
6.796316664526925 16.15548523292044
78.11819261229034 1.2399398657613858
94.77516670484012 81.8627950825878
82.23004877595355 13.66686012582825
29.116237428967708 56.59127131770312
70.27412301850399 58.23745914914039
67.38457447151185 83.96607526575033
25.955933739761715 41.361748256175424
42.32171153411291 43.93744312427089
37.42695828139143 69.82241812326838
39.483587215784624 70.97564089976945
77.61271432793933 15.725356770435084
80.91530943481347 96.2357557598993
84.12132092243922 78.97473474773
62.86555544556322 39.965147769132095
26.671402197673743 39.402204919342644
23.890430903111337 6.1762403379802215
75.83718841991762 48.203912756235766
93.23096304644659 67.48012329707127
38.17486674596918 81.50211803338453
51.694102168384916 94.84067348174987
22.779645143766746 99.59368411954163
21.45151515758461 62.60159195828172
60.603581801378226 45.779426525388104
40.6671838207863 74.93971860716086
88.48480416420306 35.01221085822811
9.475839022786092 64.96205290828809
45.62409787488293 60.68845324587283
34.05503578534407 61.39630901089347
20.64678202995157 77.1837413256918
77.32362307276642 42.3750528716336
51.26323962748431 8.881194777291801
54.84714138339039 0.6931751840267508
64.84173878989682 69.33688792669678
21.092170578183524 35.94285613869711
37.28213818079437 6.356903061142227
59.93405972489852 19.02627318752512
12.570898505895144 35.05583816421072
34.21263806644732 62.4338338098467
34.21258980266077 29.175740736761778
10.080604688774198 66.05272388410117
61.07460302569827 55.04894035349843
7.203373464035556 33.912701102827434
55.83267941039997 82.19821136697504
69.02785048179993 80.0965389407675
43.81561262759826 81.56450908873708
55.034460180347175 98.12100374143829
23.757092581189543 11.537297749479968
11.502367818560955 87.1379373204715
13.921835758709712 89.83258294575283
91.73308405830184 1.753489764386329
63.24608067541475 34.7663221729539
16.754219439529926 11.159276989415822
1.0517054490653543 21.954852915998735
28.567810470171107 77.6035430356665
84.3453621404153 45.87751093656789
78.29034001297897 38.53130467360768
37.83609920682719 62.894351286727925
99.16684872095247 18.348823850759523
9.770571137592466 99.07949919947578
62.85115173007829 96.87140096528492
16.420112971418 53.066661845493655
84.28535856348486 53.210906059273896
18.062472598663003 34.3296036655657
67.50164987993134 10.945411990687337
1.9194483121795058 48.436669259697354
27.523853418594115 20.92549398862541
24.938322202410024 88.91028296436923
32.719126030151315 6.636273400653736
96.77673848225281 15.73481225750626
13.63539351730827 42.13645910562715
29.00918190437397 35.50881836660581
31.31470536806046 48.17264098906874
93.59863139938763 53.999735787184164
62.73281879116326 92.67731202402749
53.230210074928465 43.460765014260296
2.8993164760186096 18.66155806986448
5.410187792675658 38.06963234946147
22.3223992306966 82.51555367945596
43.96226406048414 6.949936126029832
12.075739246274232 47.22701575095001
15.755949173299665 63.773128514191356
72.582132054988 22.940416294904043
47.285925476764156 87.88413649197562
4.93045453234976 84.701889514304
0.9499991077895564 69.00820522442771
19.270002229480898 55.98877816984348
63.88309741297142 28.24861543069045
3.421228940118204 4.341595895968153
18.877053209674642 18.263060608566462
88.0432541909837 29.841209118413538
10.782571713063982 89.14184928590649
71.94848484017616 1.8020869946774432
91.72195139351932 68.14664805777241
83.49115662394341 8.149894176772454
78.07102394069585 84.89724491253861
86.89944733219136 51.36398476281254
10.79813967877138 43.03979983671229
25.392782716766938 43.97977320214811
60.58279422724936 78.31953706506407
94.09427534537645 42.292897960458795
59.78128875653918 34.315207912827006
72.78127536275825 49.671717879012725
75.12327406133477 8.773978780253145
40.66926765464821 49.77915066654991
37.64822317307662 43.39503889868289
81.26521133727398 73.89126895575936
50.09072283339496 96.55426229208547
87.17230904565383 74.68196919305285
60.18460174927076 52.09761366460537
68.12304438060066 0.7464573933914531
22.181282845062157 21.284080092243606
45.41108210399799 14.882400808943885
17.688167120693265 31.99511550418449
33.04662533127839 68.27083440654336
30.69819884068108 36.7251766147962
13.288535391268097 99.75505523895632
19.2803423667952 3.587346067773889
28.581611191304958 41.07116912520643
79.71266946804599 96.694979249383
26.866181688872548 79.1988192614511
93.5730908126977 52.14802428776789
59.641120855823196 22.25494848513222
84.007856653166 68.60512846771219
66.34079128589717 77.78735597280357
94.8384634878098 90.5222908236721
91.07460231650622 10.683542046222216
39.91586373862488 68.09294170348606
78.49364180875648 89.66256860617453
99.72084755461476 40.29204776293462
80.67695596519594 92.98427475008346
87.74749442721776 4.204145031191753
38.98936045854868 71.7681350000095
23.90224613642674 44.46882267359319
59.09093470382372 47.857043116189914
75.79805285400803 32.409578734781284
49.522366029756846 2.3678853127890753
84.05420606192419 62.896653491016984
0.31590761963462555 78.15259163521885
62.182635449201676 18.58320906565776
71.60498544131204 59.8959249738018
99.34694360720144 26.426338977325827
94.50676558739653 22.601440686519926
64.3080683497062 23.165797358270023
88.44986757267873 97.00783687866613
17.301051492458107 26.191088506421835
2.5799415988937313 66.65980592665821
25.536618042519365 28.89236508529406
28.815824814091286 88.54702472810769
64.91966340188272 18.63104798467252
38.84062433147689 85.27760915982965
62.65375254643389 93.86578417963261
29.929371835775942 40.00120025789579
2.0084008908956785 65.645522200713
37.29386942503008 90.9978890695427
39.24587347268108 79.3555681637874
22.208512503282428 65.84590837371147
14.58537327794096 90.51217186457376
9.39506663354155 75.29949879776888
66.74552034885023 10.534243624159023
86.51973172541895 37.53103468455965
37.195452211921406 37.64465572994283
55.989865522128056 93.99161863493354
58.614577561837756 46.33150996678522
59.997143589315584 34.60352951911072
63.4182655582695 40.346118407919874
35.706873667428155 57.63973801117045
31.650919136032574 56.51768400936837
61.252523362968766 33.645335959710074
27.719652477272138 96.41650810402861
85.85190596376783 65.04527048239697
93.13207564863777 71.86795712240016
15.303735509018013 82.06072836441378
6.405227799575053 62.08402694267343
64.01968866436289 94.6535038568126
83.43162757703351 55.71063559323588
6.646743055924564 75.79204439290982
4.162874913564629 64.28561383450955
68.20388323166331 83.63938085424886
96.72996366201689 18.063871557321942
24.98874830980151 90.05765297433051
24.01225019072314 17.449799422593603
46.580067361943414 25.076043615440703
96.15772988925069 54.01630325140043
79.011670398903 19.09212320343705
76.15380366164882 76.17505783796945
3.853446969116836 68.31468769532259
64.179175783317 42.67906437225546
10.259976677885863 68.14306256923295
49.30039567938196 75.42617964934166
59.53013436757435 33.521768642711024
32.605002661590746 16.196928495262032
34.3813184045714 24.747539738658
22.736761614779045 6.108046712931603
43.590811735210124 97.00470144459278
79.93619600112032 76.8250522776585
48.844053830798174 90.4826215812857
58.34963212100901 60.69573754377687
54.85021671263838 59.83941347814961
93.82120980186397 83.79419891514853
29.07205732134065 3.426186374056839
33.65547139642951 92.08273292377653
31.104198089165415 29.452616434160728
19.979665706721327 74.97952497716777
90.55461054848048 55.36615133557393
99.86985261318974 90.0254796428918
46.637485328849806 91.41211487880582
89.16219713272008 69.43082174339465
42.828387994189086 89.51736916383464
50.966847351700714 40.52862614033285
46.676508969937146 75.82521728094953
62.17682428340977 80.67568156865967
76.92271206461214 18.285386673626512
14.970226581095258 44.39183565719045
45.52009976114898 78.48885277697833
63.59601794200916 56.25723561354107
46.72714729614205 8.217285843883671
71.60796698795828 7.087372736230213
80.84161201019188 38.107329393045276
84.74532664959594 54.37264056878768
23.67072476134078 29.265350522341148
30.437707243874566 56.821796063838725
22.3382089552972 50.13610557805994
97.5566424295356 48.24683063617354
10.763923469988534 61.70861076850338
99.4052290180806 29.634598249459167
67.86315522559622 39.92028067238906
76.73135748802746 15.422761525504214
96.34783182403271 2.0449436380932107
87.42389617166538 38.73146166288258
47.82981350698877 5.498489337130231
68.66091080234517 68.04081337725648
20.64256224157931 43.51367228193128
63.812711686902055 9.118434749347593
36.166315835979454 15.404100209662165
17.935315006320952 51.92639240040423
71.40558941662412 16.315477412854683
51.56669864345884 57.68415298693243
70.28892063048751 12.736104679182214
93.71063686034714 6.364201568036165
47.831089670397844 38.91248826302254
38.815587680495824 90.09738142145768
76.41552814091183 84.93003121156958
25.96901731541893 82.26385759935874
74.51158279438238 39.105880829081066
86.97136855991351 77.74860282052727
17.028165712844977 88.94218375452394
72.13862995620588 62.72417856903254
96.51598534763691 93.98443212579518
68.6534531054491 68.4477911692893
15.736343983763668 40.17708443913831
87.13705384571935 12.860827030092882
46.76775078540756 85.27998271752834
10.698893190922954 19.1293814325449
47.18265116819601 48.354547600929074
90.25008677344091 54.078908520180576
62.08382022161282 28.418042083261152
92.05832539960628 67.83651701822231
54.05572491062228 67.91722688530469
7.960690790685554 91.37192935541243
70.51353458613266 94.50007659036088
98.5341766805874 54.40472923734687
7.446216779505832 6.058845296662952
56.0129436330625 97.97993014962651
45.661200618599715 39.0058070967339
63.53756485100829 29.060215832560555
22.48629957990027 45.664872608198536
11.620849210716045 82.06019310659532
91.3411782553843 52.359427450862526
76.13165715539526 54.93889337438531
41.434540580693636 77.15640279394775
8.947937279391638 11.630948798247577
58.24395600069566 19.17531647338978
6.5649986171596675 86.03854346420718
87.29725344630681 66.24621156618254
25.596834616044994 32.467191185455924
50.445744877985746 9.523649372066389
72.9803091674067 87.75282457724867
54.5487748244681 71.3249080303416
66.57418680785986 87.02406827412005
6.468024820481588 66.18567313773889
62.45879542174929 80.8138390296986
58.62270114303673 70.14913404244791
29.75246216893398 66.22425822514525
58.647565186612326 5.297787428864542
41.0819496002337 50.61191675556298
95.5999913018527 90.93656063362953
7.333472023604115 15.114228023730714
37.11187261717209 41.829580948105786
43.18904933248504 95.34787789342143
97.77187737061588 0.7934294458659341
34.60259899686241 15.45762391633353
72.53835012946107 54.216162145571225
58.633551778371405 79.72982881631593
1.193958819584262 68.11970272541745
28.981819821719245 55.37753722887019
92.81176848830364 92.97749178788895
94.18685823614553 60.44124432902475
32.8398595095444 49.96434761657219
6.217369682189833 43.94531590668538
60.36299206507735 48.570961990314686
14.933737778775146 82.2369252983498
48.833018759816625 93.79402784090988
18.013395157829713 62.00907243224839
75.29077005534347 75.92327319741823
43.9760211649352 59.77630427429973
95.07262249236696 72.13069469155438
85.63687723150147 67.43824261429509
63.43879101783707 73.8660496393352
98.1621589404422 72.59249620332446
79.85526532235838 99.35740207949722
61.397571459927335 28.426037409416182
24.57516456582205 56.74449097310962
86.85512980543498 88.42801487345368
77.38858874196211 95.26614377509884
82.35798828030731 79.6480478577942
40.17742792573681 83.00063801932353
34.46443498217477 67.11783982008316
2.595078723851707 84.37751429534376
29.73075890889193 68.524315580922
19.39363990244185 55.05640493506843
18.504238042813846 64.16133755568745
28.131210297546826 94.08259519811527
23.000313024692932 95.04505400431542
74.65410973495118 93.47056003595448
63.52156413996298 63.111863104657395
36.60268119989293 90.51375545931496
63.95971453107187 8.190800630689665
70.6864749775074 26.221923972878216
21.176824428493703 46.06419282612472
34.01777554666068 76.87410914016338
55.1031839880091 22.82976056599143
79.1618602702874 49.71943408420655
98.09700408195351 87.73906153464596
12.615479261475471 75.0905105809669
91.48847223558681 49.732413791435135
45.18370459559996 31.881510554552772
32.26693744579545 34.35705361991721
90.68902599627737 75.2336924622077
58.986044695433904 84.27898292091831
92.09848867055226 29.71117251798058
98.99081906714555 46.36204109713582
18.484951093093848 38.23180581428996
85.05001437305806 62.3319981269467
97.05331695325854 43.48389959395409
71.39897348122634 92.96314573018613
68.65618972065619 70.43814187249656
18.2313252724284 98.03594071307948
93.45781908534222 70.22802321595722
52.611768376178034 36.59823758846932
53.87921843417598 7.005787380316453
25.553333747947594 89.54141106651048
58.940538130636824 61.34966970592862
53.78701667539701 18.640122243559954
62.53283251078664 99.57879479085523
26.43283497711816 11.992026048987459
68.7182008631646 71.45130091998118
36.68264809437463 41.430826062055736
29.818818832591965 33.65122068464276
30.749854394676035 36.70813813170035
50.969494174792786 97.10461616288896
59.50216313817125 0.9987531221992696
98.50180309494684 92.75599073624765
16.890883793719524 95.85915700145226
2.9151597576533406 71.50709226771285
36.143405787601225 42.16225307859782
74.10487093084689 76.30804087551398
13.986835221452232 58.815236737183376
30.794635672806912 36.971508107296046
42.83107710988996 23.28544363941012
15.353038502699889 69.23485576588779
51.56427231479086 41.84429916047115
84.49104671708069 68.78583537895683
27.182035778543646 65.8676186462305
86.31097678642584 21.763067634457144
40.31160150426823 40.27563355202295
16.185337668842813 81.71976980084071
23.209867650838067 5.300588118786553
40.7160713121192 98.01454792866166
71.49399943331873 90.81058499793224
79.86147702497973 87.11288879610058
80.7084735407624 75.13745724125718
34.073762678143325 12.806112864366337
85.65684201737672 60.09505363929514
15.272569934636849 74.76125584177188
55.676309428935554 46.154544780678904
51.92577538344979 38.09361677027464
80.0066572612773 88.64088161485292
73.19960649058949 6.2619199908961924
2.068594565047732 25.467236122340285
8.082113018715143 70.44934566545223
19.344252898254176 43.57113518366289
87.55799749253308 78.07789872418277
44.20007855874063 30.13717330531015
57.39729836918646 27.934743617779557
66.19116381102702 36.331659784618196
92.30035435355222 66.03783069719391
30.20037320882205 13.665511645304418
42.9303492539007 82.32655099937848
17.74435652737203 47.27452454813512
7.550129157045227 82.79111618531134
78.63886240864755 71.90820594572908
3.9544176035764544 90.38738006584508
82.24860721609505 97.94329684148842
76.77889736084546 64.14135520816802
91.54784143244684 34.45541175501548
44.078637053207835 91.52370443232857
92.08931781674103 1.8259196543432776
44.36327154557712 44.26113297452756
64.16413809623454 72.35691701035056
46.436610421321454 7.057295901988647
87.61868470876321 61.0831086591234
45.61879552949441 43.265979105641726
74.25346539696818 62.1415052628332
25.4159702090633 92.09424871120072
41.935293144581145 21.64834694435377
64.89426582780268 21.94636430683762
45.33916644093089 24.52368705975352
75.55962167447224 51.998179597799655
10.155687316280371 83.07724383527713
41.69322889396232 4.048882500473128
9.361417830078157 1.062476139896673
53.83888616259669 14.756525915435148
32.26734125606953 7.0402853512064105
61.72259897474004 32.81803335592376
59.62403454809977 79.61155249990168
73.3446944636334 32.47195358329178
94.64561943486856 59.10457555861686
91.71605314532472 41.350862856966906
99.57451419466923 34.97001482086157
10.144753946443675 70.51196077649513
27.624777378802847 58.224634576211045
71.3272666470766 72.12448000935888
19.65344249105251 38.15346253310484
80.77753449914941 99.29589716329288
80.71989883204486 47.9339894467536
24.46822252928055 32.96308729876999
20.364292842291796 13.55342846311155
42.939451437679224 18.505546788679506
26.822804397738654 72.6035988511638
96.75079233385564 44.01705121126934
1.337532264087704 36.969988505755204
21.565786596640745 29.811823167242892
24.213268774658236 57.13658310521589
65.27572326405421 5.4923986041296
36.279559773704605 21.625942735270854
63.68175230806349 53.71403531174611
76.24755115263972 18.028724635556202
15.525539379965537 17.03824670159961
79.90140416069457 11.032635650922519
19.362770872204127 87.17464502728029
30.444882321663247 73.12300345168728
37.53590188173431 81.28177901452224
90.76880500944195 75.75359038880083
6.65784800916337 27.70889089296552
54.60373444143806 80.43336024032756
21.003486560080365 13.362686730582574
13.690488679587176 59.46789510274441
0.5700634436542562 12.057644699207293
43.14918890320093 99.61118428300999
67.52484056998001 16.10021215625371
20.343687564950798 78.70442354741297
90.00558555950748 73.74233058049337
17.840850496507255 2.629486014714222
22.905516244573178 21.411124898171973
11.907108155113322 44.53177514322848
77.50897723446187 84.98394957152307
47.99107760788942 50.704108689941684
42.42400264348775 13.66711501726179
64.2908185932846 50.223786624007026
11.565277944091179 36.81490932917598
65.43315507673651 55.647431348265876
24.92169530748476 80.2727841871803
18.226587666277748 55.879475781386034
23.203764920636882 20.609090015294406
75.87131522186387 1.248424665898451
31.598711390976362 47.920839698607445
45.20706723416845 56.92323200440356
